0 0 1
1.00000000 0.00000000 0.00000000 0.00000000
0.00000000 1.00000000 0.00000000 0.00000000
0.00000000 0.00000000 1.00000000 0.00000000
0.00000000 0.00000000 0.00000000 1.00000000
1 1 2
0.99902403 0.00380869 -0.04400546 0.00000017
-0.00236450 0.99945835 0.03282405 -0.00000012
0.04410664 -0.03268796 0.99849191 -0.00000011
0.00000000 0.00000000 0.00000000 1.00000000
2 2 3
0.99879681 -0.00817725 -0.04835356 0.00000024
0.00962968 0.99950706 0.02988160 -0.00000012
0.04808538 -0.03031127 0.99838320 -0.00000008
0.00000000 0.00000000 0.00000000 1.00000000
3 3 4
0.99879681 -0.00817725 -0.04835356 0.00000024
0.00962968 0.99950706 0.02988160 -0.00000012
0.04808538 -0.03031127 0.99838320 -0.00000008
0.00000000 0.00000000 0.00000000 1.00000000
