0 0 1
1.00000000 0.00000000 0.00000000 0.00000000
0.00000000 1.00000000 0.00000000 0.00000000
0.00000000 0.00000000 1.00000000 0.00000000
0.00000000 0.00000000 0.00000000 1.00000000
1 1 2
0.95812539 -0.22754024 -0.17384237 0.00000156
0.22901702 0.97335102 -0.01178941 -0.00001140
0.17189222 -0.02851713 0.98470292 -0.00000117
0.00000000 0.00000000 0.00000000 1.00000000
2 2 3
0.15841233 -0.86176982 0.48193185 0.00000317
0.08311576 0.49800121 0.86318397 -0.00002702
-0.98386854 -0.09668285 0.15051619 -0.00000903
0.00000000 0.00000000 0.00000000 1.00000000
3 3 4
0.18576477 -0.54484275 -0.81770278 0.00002147
0.04733200 -0.82625975 0.56129717 -0.00001397
-0.98145358 -0.14297275 -0.12770146 -0.00000735
0.00000000 0.00000000 0.00000000 1.00000000
